[Theme]
mvthemecol_text = 255.0, 254.99607849121094, 254.99607849121094, 255.0
mvthemecol_tabactive = 177.51373291015625, 26.478431701660156, 26.48627471923828, 255.0
mvthemecol_slidergrabactive = 249.0, 66.0, 72.062744140625, 255.0
mvthemecol_textdisabled = 127.0, 127.0, 127.0, 255.0
mvthemecol_tabunfocused = 53.53333282470703, 22.77254867553711, 22.776470184326172, 247.0
mvthemecol_button = 123.97647094726562, 0.6823529601097107, 0.6901960968971252, 255.0
mvthemecol_windowbg = 12.678431510925293, 12.607843399047852, 12.607843399047852, 239.0
mvthemecol_tabunfocusedactive = 107.0, 35.0, 35.00392150878906, 255.0
mvthemecol_buttonhovered = 231.04705810546875, 17.870588302612305, 24.937253952026367, 255.0
mvthemecol_childbg = 0.0, 0.0, 0.0, 26.764705657958984
mvthemecol_dockingpreview = 249.0, 66.0, 66.00784301757812, 178.0
mvthemecol_buttonactive = 249.0, 15.0, 15.011764526367188, 255.0
mvthemecol_border = 109.0, 109.0, 127.0, 127.0
mvthemecol_dockingemptybg = 51.0, 51.0, 51.0, 255.0
mvthemecol_header = 249.0, 66.0, 66.00784301757812, 79.0
mvthemecol_popupbg = 20.0, 20.0, 20.0, 239.0
mvthemecol_plotlines = 155.0, 155.0, 155.0, 255.0
mvthemecol_headerhovered = 249.0, 66.0, 66.00784301757812, 204.0
mvthemecol_bordershadow = 0.0, 0.0, 0.0, 0.0
mvthemecol_plotlineshovered = 255.0, 109.0, 89.0, 255.0
mvthemecol_headeractive = 249.0, 66.0, 66.00784301757812, 255.0
mvthemecol_framebg = 82.19215393066406, 83.32157135009766, 84.52941131591797, 137.0
mvthemecol_plothistogram = 229.0, 178.0, 0.0, 255.0
mvthemecol_separator = 109.0, 109.0, 127.0, 127.0
mvthemecol_framebghovered = 249.0, 66.0, 66.00784301757812, 102.0
mvthemecol_plothistogramhovered = 255.0, 153.0, 0.0, 255.0
mvthemecol_separatorhovered = 191.0, 24.713726043701172, 24.713726043701172, 200.0
mvthemecol_framebgactive = 255.0, 0.0, 0.0117647061124444, 195.82745361328125
mvthemecol_tableheaderbg = 48.0, 48.0, 51.0, 255.0
mvthemecol_separatoractive = 191.0, 25.0, 25.007843017578125, 255.0
mvthemecol_titlebg = 10.0, 10.0, 10.0, 255.0
mvthemecol_tableborderstrong = 79.0, 79.0, 89.0, 255.0
mvthemecol_resizegrip = 249.0, 66.0, 66.00784301757812, 51.0
mvthemecol_titlebgactive = 122.0, 40.0, 40.00392150878906, 255.0
mvthemecol_tableborderlight = 67.67058563232422, 67.67058563232422, 76.07450866699219, 255.0
mvthemecol_resizegriphovered = 249.0, 66.0, 66.00784301757812, 170.0
mvthemecol_titlebgcollapsed = 0.0, 0.0, 0.0, 130.0
mvthemecol_tablerowbg = 0.0, 0.0, 0.0, 0.0
mvthemecol_resizegripactive = 236.68235778808594, 36.61176300048828, 36.62352752685547, 242.0
mvthemecol_menubarbg = 35.0, 35.0, 35.0, 255.0
mvthemecol_tablerowbgalt = 255.0, 255.0, 255.0, 15.0
mvthemecol_tab = 147.0, 44.99607849121094, 45.00392150878906, 219.0
mvthemecol_scrollbarbg = 5.0, 5.0, 5.0, 135.0
mvthemecol_textselectedbg = 249.0, 66.0, 114.52941131591797, 89.0
mvthemecol_tabhovered = 249.0, 66.0, 66.00784301757812, 204.0
mvthemecol_scrollbargrab = 79.0, 79.0, 79.0, 255.0
mvthemecol_dragdroptarget = 255.0, 255.0, 0.0, 229.0
mvthemecol_scrollbargrabhovered = 104.0, 104.0, 104.0, 255.0
mvthemecol_navhighlight = 249.0, 66.0, 66.00784301757812, 255.0
mvthemecol_scrollbargrabactive = 130.0, 130.0, 130.0, 255.0
mvthemecol_navwindowinghighlight = 255.0, 255.0, 255.0, 178.0
mvthemecol_checkmark = 249.0, 66.0, 66.00784301757812, 255.0
mvthemecol_navwindowingdimbg = 204.0, 204.0, 204.0, 51.0
mvthemecol_slidergrab = 224.0, 60.99607849121094, 61.007843017578125, 255.0
mvthemecol_modalwindowdimbg = 204.0, 204.0, 204.0, 89.0

